v2.0 raw
00000005
0000000a
0000001B
0000002C
0000004F
00000000
00000000
00000003
00000000
00000000
00000001
00000002
00000003
00000001
00000003
00000009
00000003
00000001
00000004
00000009
00000002
00000005
00000002
00000006
00000001
00000007
00000003
00000001
00000006
00000008
00000002
00000006
00000006
00000029
00000001
00000008
0000000a
00000002
00000008
00000005
00000018
00000001
00000008
00000002
00000009
00000001
00000009
0000000a
00000007
00000000